bicycle:0.7228584885597229
car:0.7911496162414551
motorbike:0.8216321468353271
tricycle:1.0
fence:0.20156867802143097
sky:0.9252544045448303
person:0.7526048421859741
grass:0.6475476622581482
tree:0.6632000803947449
brick:1.0
building:0.48943477869033813
concrete:1.0
floor:0.5599498748779297
ground:0.41256773471832275
runway:1.0
road:0.3641345500946045
sidewalk:0.17170971632003784
stair:3.9679390329006026e-10
sand:0.013890624977648258
snow:1.9506485315901045e-10
water:0.86264967918396
